5799185717
5799150958
5799123762
5799033182
5798957704
5798770762
5798762184
5798738667
5798141459
5795259116
5795259112
5795250772
5795241129
5793246182
5792188839
5792131334
5792007799
5791994835
5791880360
5791807063
5791124087
5790207401
5790199855
5788630455
5786412343
5785802394
5785693550
5785143393
5785102614
5785082912
5785072627
5785032411
5784742937
5784082402
5783722462
5783561222
5783096778
5779339461
5778377793
5778196738
5778194362
5778173839
5778158969
5778147335
5778134754
5778067027
5778065646
5778045345
5778029361
